-5.671786268552144739e-01
-3.749734361966450824e-01
-8.642107446988424035e-01
-5.516759057839711877e-01
-3.044502834479014264e-01
-1.683247006601757412e-01
-2.295877976076943494e-01
-3.043309586743513928e-01
-4.568298977834207020e-01
-4.561927835146585841e-01
-2.843653216506495385e-01
-2.085743281576368513e-01
-2.280900570062490695e-01
-2.529378944919222771e-01
-2.740458793110317481e-01
-3.031249605119228363e-01
-2.422213297264248777e-01
-1.530890045342621908e-01
-1.872570566963731309e-01
-1.598420217633247375e-01
-1.875020615638248456e-01
-1.204719665375622861e-01
-6.768407564664231935e-02
-4.147690503547588753e-02
-1.671741972366968740e-02
-2.750565006564825027e-02
-7.235635366336798380e-02
-1.588356169384150252e-01
-1.361987249090753638e-01
-6.809757360153728678e-02
-2.216312457476892622e-02
1.695185115871329987e-02
1.215667789331590330e-02
2.240880206227302551e-02
3.908493682032539857e-02
7.159587471849387930e-02
1.083044501709508473e-01
1.202914333787926393e-01
1.357075516612101795e-01
1.491249999031424578e-01
1.740429159708139495e-01
1.614791958459786125e-01
1.830247919573340376e-01
1.438655651767145605e-01
1.560212684450326126e-01
1.816868062360563196e-01
1.619687546969305614e-01
2.000314959117935887e-01
1.950400827997395836e-01
2.197765707472960073e-01
