-4.621076956391334534e-01
-8.028569209078947333e-01
-5.747379453645812264e-01
-5.014030231783787039e-01
-7.339224254091580857e-01
-8.566355171302953986e-01
-9.300792327239399970e-01
-8.002298378075162200e-01
-6.912990634640058252e-01
-7.212112712363402123e-01
-7.467529958847797245e-01
-7.589916408889822996e-01
-7.271118939687044591e-01
-7.629465244355655429e-01
-8.166954023970498522e-01
-8.029306242242455482e-01
-8.091240615821352344e-01
-8.166548598695684280e-01
-8.226879607690008589e-01
-8.636067015429337301e-01
-8.916868087318208236e-01
-8.887766892598434332e-01
-8.803658109104287588e-01
-8.917542625115149058e-01
-9.273680348694324227e-01
-9.419098965919170396e-01
-9.246924397662098505e-01
-8.956339057268840609e-01
-9.124578240530929474e-01
-8.974826712989144584e-01
-9.064213586670737399e-01
-9.011953033429259685e-01
-8.897305627475784462e-01
-8.974668400946492763e-01
-9.110903983847016274e-01
-8.891712057197259655e-01
-8.959653656594119830e-01
-8.795782873864498308e-01
-8.949055378603884003e-01
-9.139669003430753724e-01
-9.089417253901076466e-01
-8.954484488608108750e-01
-8.946169071736954637e-01
-8.983194552446630565e-01
-9.130807110418875938e-01
-9.097134634933393693e-01
-9.075650196416792381e-01
-9.049463752113903192e-01
-8.889512533106568304e-01
-8.907487459853291600e-01
