-6.405737996101379395e-01
4.740443527698516846e-01
2.982652386029561176e-01
1.519051715731620789e-01
-1.157929480075836209e-01
-2.854465295871098651e-01
-3.637747892311641307e-01
-2.413422353565692902e-01
-5.894093149238162077e-01
-6.136611789464950784e-01
-2.821052805943922714e-01
-2.014611835281054086e-01
5.670493611922630683e-02
1.206841319799423218e-01
3.221194128195444817e-01
3.600150365382432938e-01
3.317788821809432021e-01
2.467736982636981602e-01
1.922846765894638821e-01
3.429347082972526439e-01
3.004773557186126709e-01
3.328904983672228979e-01
3.760176780431166987e-01
4.006980148454507007e-01
4.241415750980377375e-01
3.529617339372634888e-01
2.086441792823650332e-01
1.599405290825026416e-01
1.874951566087788568e-01
1.404281725486119514e-01
1.729985081380413514e-01
2.237844495102763176e-01
1.823774205915855706e-01
2.067566154634251363e-01
1.671970256737300431e-01
2.445422568255000706e-01
2.091836760172972876e-01
1.997838616371154785e-01
1.593656723315899082e-01
1.322156518697738536e-01
9.810091228019900134e-02
8.607631850810278096e-02
1.069296785565309743e-01
1.260907128453254700e-01
1.428557998604244594e-01
1.234205773343210605e-01
1.522292196750640869e-01
1.336006267617146082e-01
1.347050466099563859e-01
1.029130452871322571e-01
