-9.793436527252197266e-01
-5.163285136222839355e-02
-6.364105343818664551e-01
-9.652500897645950317e-01
-1.037362468242645219e+00
-9.671602249145507812e-01
-1.045196499143328017e+00
-1.385891139507293701e+00
-1.087695029046800377e+00
-1.025762695074081465e+00
-9.727880954742431641e-01
-9.713325450817743567e-01
-6.462805958894582981e-01
-7.132837729794638815e-01
-5.970117767651875740e-01
-7.858871109783649445e-01
-8.691209239118239394e-01
-8.888771434624990198e-01
-9.469601762922186250e-01
-8.094575732946396318e-01
-7.923873946780249922e-01
-7.706733345985412598e-01
-8.798469616019207740e-01
-8.406966409335533408e-01
-9.767739373445510909e-01
-1.002672482568484069e+00
-9.299669580327140084e-01
-9.009866839540856542e-01
-8.957218278584808679e-01
-8.972589430709679847e-01
-9.274483974422177424e-01
-9.539277979638427496e-01
-9.637031462607961174e-01
-9.663231177803348615e-01
-9.687057952795710136e-01
-9.094217003633578988e-01
-9.666199537145124809e-01
-1.042887278097240467e+00
-1.034573976619121316e+00
-1.095918965153396041e+00
-1.099454298070291269e+00
-1.139041139788570911e+00
-1.114578437320021598e+00
-1.119736814024773430e+00
-1.149890933103031587e+00
-1.195881580852943937e+00
-1.251246230716400953e+00
-1.237775560778876072e+00
-1.280237510800361633e+00
-1.298142053186893463e+00
