2.025704185167948257e+00
1.557949960231781006e+00
1.214192946751912361e+00
1.055209651589393616e+00
8.850486159324646440e-01
4.430104990800221576e-01
4.297829880600884112e-01
3.803752760092417584e-01
5.617737394792062799e-01
5.001831094423929702e-01
4.729074817715269163e-01
5.145699895090527498e-01
4.944837689399719238e-01
6.054482644512539924e-01
5.334972209400601351e-01
6.040717934568723413e-01
6.752110170383079923e-01
6.924714788242622987e-01
6.714737640138257468e-01
6.487514143188793936e-01
6.243926556337446865e-01
5.250204047470381497e-01
4.891119093998618772e-01
4.866204174856345044e-01
4.959339217344919670e-01
5.338733322345293741e-01
5.540389834362783317e-01
5.714930246273676184e-01
5.576619687436641382e-01
5.178385522630479798e-01
5.585325398752766235e-01
5.630164503430327150e-01
5.268766274957945583e-01
5.170881155074811275e-01
5.233225223563966466e-01
5.677885095830317308e-01
5.890279619006423273e-01
5.773663403172242248e-01
5.953599823336316321e-01
5.746313077708085082e-01
5.473027784165328535e-01
5.931302037030931062e-01
5.678979107575823360e-01
5.984192937612533569e-01
5.945420770733444993e-01
5.731389148943666356e-01
5.977438102799950137e-01
5.999241672042343598e-01
6.015609089209108529e-01
6.037268404165904156e-01
