-7.416629642248153687e-01
-5.616181020935376855e-01
-7.160654183891084212e-01
-7.822824455797672272e-01
-8.863240152597426924e-01
-8.503524371319346464e-01
-9.123786212432951626e-01
-9.488373448451360437e-01
-9.089346368003774490e-01
-8.327406679590543259e-01
-8.517442828778064579e-01
-8.999913959867424929e-01
-8.630291953300818220e-01
-7.699427970108532193e-01
-7.647645549641715057e-01
-7.506401821350058290e-01
-7.081689294062408768e-01
-6.974507070801876374e-01
-7.264371344394850993e-01
-6.960024334490299003e-01
-6.867618075911960940e-01
-6.645767243974136651e-01
-6.780186466116836508e-01
-7.044394618521133689e-01
-7.584191821018855251e-01
-7.716528011056092984e-01
-7.675089668712498092e-01
-7.585209450861882807e-01
-7.346692974839744705e-01
-7.366547729199131034e-01
-7.202411895437587086e-01
-7.083079633885063231e-01
-7.495145814850775468e-01
-7.311919839030095458e-01
-7.185499627497934361e-01
-7.096283846120867711e-01
-7.045806033352205455e-01
-6.956563623164567778e-01
-6.856078118181381242e-01
-6.744265521410852671e-01
-6.556750691488264504e-01
-6.446808884511627813e-01
-6.428237724182910284e-01
-6.414678338774000288e-01
-6.718906762837260072e-01
-6.926006975354276340e-01
-6.782792196179746602e-01
-6.959140717129533860e-01
-7.211242559790408402e-01
-7.191993213072419566e-01
