-5.650140245755513879e-01
-2.283893525600433350e-01
1.043801175223456508e-02
2.818427216261625290e-01
8.117000112930933264e-02
2.572791296988725662e-01
2.743368980785210742e-01
2.820011496854324951e-01
2.349842363209636020e-01
3.108914088457822578e-01
3.705885336931907803e-01
4.346248473351200237e-01
4.305051292937535634e-01
5.811860166667472960e-01
6.609793066150612129e-01
6.393572985349843529e-01
5.645811521977770475e-01
5.634941397303784294e-01
4.892859348471750303e-01
5.248459631577133688e-01
5.116641019426640957e-01
5.450308281702526125e-01
5.392053027407847088e-01
5.730036896032592031e-01
5.989647167424361207e-01
5.474768779121148565e-01
5.039508732288707771e-01
4.874379637961586131e-01
4.829548312586614545e-01
5.048245217651128325e-01
5.000083133658413947e-01
5.204259400488808751e-01
4.931592141663787565e-01
4.593295754097840300e-01
3.931464660380568077e-01
3.750101517954910202e-01
3.706094941778763086e-01
3.742133491068032614e-01
3.742963317304085491e-01
3.735165348586936829e-01
4.417656525303192971e-01
4.304207734586227296e-01
4.143737929678240617e-01
4.455915044598055541e-01
4.306174096961816189e-01
4.427599053613949787e-01
4.500148949206720927e-01
4.490284629735267763e-01
4.250385385944324135e-01
4.338137678056955271e-01
