-1.249436120192209954e+00
-6.335163228213787079e-01
-9.469949743813939058e-01
-7.972999718040227890e-01
-9.124709829688072427e-01
-9.369081941743692132e-01
-7.336591329602968337e-01
-8.107561149323979643e-01
-6.913829833545066528e-01
-6.181002290298541757e-01
-5.944398344691955716e-01
-6.239839818121658555e-01
-6.831774766055437320e-01
-6.253988709123361467e-01
-6.239454214771588125e-01
-5.882221595384180546e-01
-6.250924153947362560e-01
-6.607384661005603066e-01
-6.722567417381102306e-01
-6.831542433549960824e-01
-7.155328734763084508e-01
-7.178528820249167053e-01
-7.228378339306168465e-01
-6.972179579445056952e-01
-7.160693098107974164e-01
-7.177626483906538457e-01
-7.368401988972852479e-01
-7.061543568436589036e-01
-7.172680748091346814e-01
-7.394935085541671782e-01
-7.771097185310497091e-01
-7.576144052824625996e-01
-7.565316910846064946e-01
-7.497978430314391485e-01
-7.279311283003716548e-01
-7.173547158535156232e-01
-7.090469130423960875e-01
-7.206228039668578500e-01
-6.818992760605536718e-01
-7.234071627414474515e-01
-6.869275332617807983e-01
-6.744906282761976568e-01
-6.764173730955163055e-01
-6.650700873137931346e-01
-6.764041147056829573e-01
-6.796697565266673902e-01
-6.745270279579604900e-01
-6.958935459745893004e-01
-7.162766902910253641e-01
-7.210351650199542384e-01
