-4.434736967086791992e-01
-7.863022089004516602e-01
-5.193983382648892366e-01
-6.104301760594049719e-01
5.210491935412089326e-01
4.072640505101945418e-01
2.662496197791326402e-01
7.909146199623744156e-02
4.024968323884187127e-02
3.499645352363586204e-01
2.706455588340759277e-01
1.864864668912357692e-01
1.257218665037399818e-01
6.935337079422814188e-01
6.460093186961279876e-01
1.141697454576690918e+00
1.050280212771658839e+00
9.613952377328166543e-01
8.678258788167384497e-01
7.987674226363500329e-01
9.069251701945350019e-01
9.813047186894849894e-01
8.860232665918875705e-01
8.283257393373383293e-01
8.003701456387837254e-01
7.804557184378305701e-01
7.125945392950081558e-01
6.709895751305988698e-01
6.730295022328695032e-01
6.241005692217085343e-01
6.852938346965338212e-01
6.586416208495696756e-01
8.407774865627288818e-01
8.288989560861214079e-01
9.429336590426308229e-01
9.098651411908643682e-01
8.637489969128960832e-01
8.248648172930667100e-01
7.912952035156071151e-01
9.018742522845665244e-01
9.129556341142188725e-01
8.567223360850697578e-01
8.232005373683086713e-01
8.716248604610110640e-01
8.389800280332565530e-01
8.101747771320135794e-01
7.940576899770304120e-01
8.921379750180575829e-01
8.631254139603400377e-01
9.196738287806510703e-01
