-2.637314836184183608e+00
-2.482342382272084702e+00
-2.631648911370171540e+00
-2.633836785952250015e+00
-1.944944906234741255e+00
-2.068429456816779144e+00
-2.002342649868556368e+00
-2.003871281941731919e+00
-2.090455523243656799e+00
-1.686204187075297067e+00
-1.816413214712431889e+00
-1.825023896164364334e+00
-1.906413506238888500e+00
-1.457420150438944573e+00
-1.598195722368028537e+00
-1.307512005170186287e+00
-1.331888439608555297e+00
-1.323891553613874672e+00
-1.664843527894271036e+00
-1.739750951528549194e+00
-1.571769812750437811e+00
-1.457791660771225351e+00
-1.472530967947365488e+00
-1.496809537212054009e+00
-1.764346327781677326e+00
-1.781921923160552979e+00
-1.782438189895064751e+00
-1.863718596242722958e+00
-1.889171272858806150e+00
-1.922509952386220355e+00
-1.880985907329026041e+00
-1.940477797140677696e+00
-1.902558641000227535e+00
-1.994908761744405679e+00
-1.956719169162568495e+00
-1.986522339008472526e+00
-1.996621866483946128e+00
-2.006905900804619947e+00
-2.030661664457402704e+00
-1.956885457038879395e+00
-1.883912995578796989e+00
-1.999411369126940619e+00
-2.011540878650754038e+00
-1.935431633934830087e+00
-1.952279275434988470e+00
-1.950234704259513174e+00
-2.020301266764918058e+00
-2.036228953964180466e+00
-2.050482711824430204e+00
-1.901565345128377382e+00
