-1.210548082987467522e+00
-1.282145092884699578e+00
-1.875624060630798340e-01
6.622903198003768921e-01
1.142136414845784431e+00
8.125597271654341203e-01
4.651551047960917340e-01
2.477070316672325134e-01
5.045288138919406390e-02
-6.024025877316793037e-02
-1.322960420088334643e-01
-1.611594516370031538e-01
-2.573264096027765291e-01
-7.115954657395680283e-02
-1.809611472818586642e-01
-1.486055546750625067e-01
-2.151257471711027769e-01
-2.635552910742936517e-01
-1.805973539226933544e-01
-2.271316602826118358e-01
-2.786761763549986393e-01
-1.150253753770481419e-01
9.849551298480102579e-01
9.802852964235676536e-01
8.760156865914662250e-01
8.004130763121140024e-01
7.368379636311236380e-01
6.694370412400790782e-01
8.199969574637796521e-01
7.488378203577465975e-01
6.782286330576865474e-01
6.134654063110550615e-01
6.133539559263171403e-01
5.726207500579310050e-01
5.048990414256141479e-01
4.718716960676290206e-01
5.088543075027766038e-01
4.563300718733093175e-01
4.168837864556882988e-01
4.591114013766249280e-01
4.148928081480467989e-01
3.709655904935466042e-01
3.440280967327051242e-01
4.386905232500849516e-01
4.641497854281355084e-01
4.250988361520179892e-01
3.945781797276320946e-01
3.697665107643438587e-01
3.281607349612274960e-01
2.991170789301395572e-01
