-2.313337484995523941e+00
-2.477467497189839829e+00
-1.877538839975992913e+00
-2.408097823460896958e+00
-1.888795566558837846e+00
-2.045098039839002624e+00
-2.309205577487037253e+00
-2.418652425209681045e+00
-2.502214603953891281e+00
-2.505462920665741056e+00
-2.587955601287610818e+00
-2.632672419150670517e+00
-2.638105551401773941e+00
-2.471838394800821792e+00
-2.422382786538865851e+00
-2.309874388078848373e+00
-2.321440257278143182e+00
-2.393101290420249772e+00
-2.263086645226729754e+00
-2.266060388088226407e+00
-2.290090269512600418e+00
-2.298567605741096198e+00
-2.123474936554397452e+00
-2.133928643332587249e+00
-2.116643835703531984e+00
-2.126155231243525012e+00
-2.159358087881111832e+00
-2.183763691357203829e+00
-2.034898873033194722e+00
-2.138496022754245551e+00
-2.132555138680242823e+00
-2.173316060254971038e+00
-2.226401314590916503e+00
-2.246298294441372523e+00
-2.267260322116670057e+00
-2.300368046319043014e+00
-2.438923608075390881e+00
-2.462965388047067883e+00
-2.476793197485116949e+00
-2.398320808013280292e+00
-2.404320941707952297e+00
-2.434862710180736745e+00
-2.453136213066041904e+00
-2.305900154691753912e+00
-2.331272153501157351e+00
-2.340701263883839367e+00
-2.357594740306232062e+00
-2.376255601644515991e+00
-2.378949407006607508e+00
-2.373816645145416349e+00
