3.001796610653400421e+00
1.501098308712244034e+00
1.037925859292348152e+00
1.408470320204893822e+00
1.101507139205932573e+00
8.915154851145214998e-01
7.586418383178257230e-01
6.678900116433700296e-01
1.077758355825035652e+00
9.687489420175552368e-01
8.910179914850177019e-01
8.242410791830884209e-01
9.664448253237284403e-01
1.979101318990190705e+01
1.847440183775292510e+01
1.731186677593116841e+01
1.628420364812892984e+01
1.539170434422515044e+01
1.458869737373632347e+01
1.386526565179228854e+01
1.317145072751575086e+01
1.257552809731075172e+01
1.203446087381546015e+01
1.156179283155749182e+01
1.117670819501082136e+01
1.075246955779118352e+01
1.035897001789675897e+01
1.013214855534689818e+01
9.786414001094199122e+00
9.466222523235613195e+00
9.337509013071496611e+00
9.041435213061049581e+00
8.774879739290536662e+00
8.520290309307622323e+00
8.326758674212864975e+00
8.065775964547086119e+00
7.854525336005666603e+00
7.647390720744927428e+00
7.614542435759153349e+00
7.512408472970127704e+00
7.365066136044215561e+00
7.235466406104110959e+00
7.135851300155469978e+00
7.020205895218885495e+00
6.869442880705550536e+00
6.719901776508145019e+00
6.564921619938620445e+00
6.494200729920218684e+00
6.363144636204858706e+00
6.237779160390297228e+00
