-1.502669652303059988e-01
-1.928838332494099861e+00
-2.609352509180704605e+00
-2.220060408115386963e+00
-2.623152716954549213e+00
-2.744920876291063294e+00
-2.949491568974086153e+00
-2.944401661554972183e+00
-2.195757795263219680e+00
-2.264119203885396114e+00
-2.280541138215498531e+00
-2.268977675173017516e+00
-2.058086988253471361e+00
-1.554689452761695456e+00
-1.599236191643608862e+00
-1.760939985513687134e+00
-1.845839229284548244e+00
-1.916631689778080627e+00
-1.959831179234019505e+00
-2.004938582579294692e+00
-2.227082138969784797e+00
-2.248246808846791733e+00
-2.308828697688337872e+00
-2.381827478607495774e+00
-2.228199747403462716e+00
-2.259720605153304085e+00
-2.296219647666554398e+00
-2.202842097906839491e+00
-2.265073435059909102e+00
-2.321776454978519144e+00
-2.207035478725228206e+00
-2.246932053317626465e+00
-2.269906962760771307e+00
-2.318793120337467428e+00
-2.322223900613330727e+00
-2.398499677578608047e+00
-2.405766227223851583e+00
-2.435519090869970427e+00
-2.277984767897516249e+00
-2.098501515388488947e+00
-2.028077883449027397e+00
-2.046516492253258157e+00
-2.000394309213919364e+00
-1.971278815558462405e+00
-2.000361592681319411e+00
-2.013537379278652839e+00
-2.080612509808641875e+00
-2.064798201951715484e+00
-2.092848308232365895e+00
-2.125022909641265834e+00
