-1.061650464932123866e-01
1.542092688381671906e+00
1.662160398231612213e+00
1.238283995538949966e+00
1.020804358522097166e+00
1.391061379677719589e+00
1.089162872660727643e+00
9.843130502849817276e-01
1.612072713397167290e+00
1.381112652520338768e+00
1.262031999049764597e+00
1.547583199623558281e+00
1.847088591028482440e+00
2.159680704985345923e+00
2.154302134778764533e+00
2.303141958390673150e+00
2.388240179594825374e+00
2.404001436575695205e+00
2.287429358614118335e+00
2.177332371721665272e+00
2.052051115367147460e+00
1.948992933739315481e+00
1.875311151578806346e+00
1.801422740643223053e+00
1.825610461036364152e+00
1.868598038760515445e+00
1.853549617860052345e+00
1.933506009301968920e+00
1.845098035260178682e+00
1.779638277822070735e+00
1.726495791186568596e+00
1.676547340738276715e+00
1.604336103405615388e+00
1.789893716573715210e+00
1.744577250878016184e+00
1.783247337159183266e+00
1.733471453256972161e+00
1.691642304196169455e+00
1.824444311997319934e+00
1.783079889416694597e+00
1.717203122328936571e+00
1.673661757556218932e+00
1.639835178852081299e+00
1.603507367950497198e+00
1.557679862667013193e+00
1.522595415620700221e+00
1.489954041039690091e+00
1.557417804375290871e+00
1.527991605048276913e+00
1.499178759853045051e+00
