-3.184868335723876953e+00
-9.065866867701212195e-01
-4.605753421783447266e-01
-9.005944579839706421e-01
-1.245110094547271729e+00
-8.762012819449106482e-01
-1.373715091319311243e+00
-1.767547694345315223e+00
-1.159926138542316520e+00
-1.790842038393020585e+00
-1.872773414308374518e+00
-1.710879436797565933e+00
-1.311034952982877977e+00
-1.000000214292889655e+00
-8.935254295667012236e-01
-7.662767258783181878e-01
-6.986483767920849131e-01
-5.981241100364260710e-01
-6.988036873047811515e-01
-7.853973676760991340e-01
-9.438570501312376626e-01
-1.117084695534272587e+00
-1.222296947154446034e+00
-1.316703310443295472e+00
-1.241310975551605189e+00
-1.171453278034161327e+00
-1.193151869155742562e+00
-1.177399584934824883e+00
-1.284272517966127847e+00
-1.318820482492446988e+00
-1.387005668173554085e+00
-1.417141623174150711e+00
-1.571849063791409984e+00
-1.301687878136541299e+00
-1.361940049557458732e+00
-1.297003509269820221e+00
-1.362880721285536501e+00
-1.398325313078729648e+00
-1.253339901439145088e+00
-1.317362315952777863e+00
-1.470092815596882874e+00
-1.522476390713737082e+00
-1.579042504462160768e+00
-1.619712643099553651e+00
-1.676578945142251476e+00
-1.718782770029012807e+00
-1.751275422302543738e+00
-1.698516588658094406e+00
-1.725506529110629517e+00
-1.745786569515864084e+00
