3.440296560525894165e+00
1.114933754007021660e+00
3.022482759422726040e-01
-2.545729900399844037e-01
-2.133457958698272705e-01
8.598372505770789098e-02
1.040654366924649160e-01
-2.006652144094308102e-02
-1.874866987820024977e-01
-1.302170649170875660e-01
-1.620687413396257326e-01
-1.764074551562468118e-01
-4.139095926896119507e-03
-1.071984537300609414e-01
-2.020603468020757132e-01
-2.863729518527786122e-01
-3.200055696800643279e-01
-2.747186110527427005e-01
-2.853295758628008882e-01
-2.868003703653812519e-01
-3.216043989809732606e-01
-3.469871883139465929e-01
-3.872596098892930883e-01
-3.053734735068347472e-01
-3.069220291574796255e-01
-2.694104040662447797e-01
-2.403928039618480339e-01
-1.585668916148798846e-01
-1.773507569370598724e-01
-1.983258984155125138e-01
-2.109227867857102479e-01
-2.309447199416657381e-01
-1.932538345907673649e-01
-1.255015936844489088e-01
-5.021034095968519156e-02
-7.755286122361819412e-02
1.725932432187570267e-02
-2.538727158517168139e-02
-1.516523638851622301e-02
-4.789002401133378439e-02
-2.982131955100268683e-03
1.549510149255631415e-02
7.553030700646629764e-03
-1.144100917559681511e-02
4.046150434900213505e-02
1.434660271026086051e-02
-6.772880330153390957e-03
-2.978567520363463450e-02
-1.107024649779001814e-02
-3.451190819342930816e-02
