-1.729139486948648996e-01
-1.704424877961476570e+00
-1.797371360990736244e+00
-2.342044035593668472e+00
-1.692483687400817782e+00
-1.944041099813249351e+00
-1.503610344160170698e+00
-1.626668925086657280e+00
-1.755427440007527595e+00
-1.665866382916768362e+00
-1.763868097103003407e+00
-1.833518938885794647e+00
-1.755875627199808831e+00
-1.806947211424509758e+00
-1.840105676651000888e+00
-1.875471130013465881e+00
-1.822848011465633578e+00
-1.726458452366016472e+00
-1.693832029376113546e+00
-1.623741928736368800e+00
-1.626913619419884993e+00
-1.651517748832702637e+00
-1.647956252098083496e+00
-1.619716884361372955e+00
-1.658786714871724355e+00
-1.576323409875233894e+00
-1.529807654427893349e+00
-1.449780777806327414e+00
-1.478844694707585505e+00
-1.523741748597886803e+00
-1.543010350196592162e+00
-1.539398665850361114e+00
-1.459518288723146151e+00
-1.405135242962369801e+00
-1.358640543052128447e+00
-1.362166569740683952e+00
-1.223481238962293771e+00
-1.287336908411561343e+00
-1.228742426786667341e+00
-1.284123402337233211e+00
-1.231817433989145005e+00
-1.200192784979229987e+00
-1.216390817202338770e+00
-1.218935750199086732e+00
-1.168945214924988818e+00
-1.222529776286387815e+00
-1.240576102801248526e+00
-1.259512159145540711e+00
-1.275083525651166338e+00
-1.284320070544878734e+00
