3.690938850243886127e-01
1.147356927394866943e-01
1.830465637975268844e+00
2.553872590263684739e+00
2.972583019733428866e+00
3.054849849806891449e+00
2.641868709098725176e+00
2.362183410984774579e+00
2.131399418744775787e+00
1.925707527250051454e+00
2.608068318303787159e+00
2.732490931327144157e+00
2.526524581970312600e+00
2.325569591351917875e+00
2.368365357981787600e+00
2.253899566829204559e+00
2.099028242569343838e+00
1.972164325140140617e+00
1.861076428179155418e+00
1.783148179451624626e+00
1.807678039111788371e+00
1.734370862895792120e+00
1.656247581908668387e+00
1.599646904609269615e+00
1.548563518722852139e+00
1.580817217437120670e+00
1.642674767032817451e+00
1.619079981620113129e+00
1.571506553768426517e+00
1.614681132717264989e+00
1.570111417722317437e+00
1.559892114639903182e+00
1.519944352408250099e+00
1.473732628001301892e+00
1.439200125776586070e+00
1.405614976874656197e+00
1.374874662507224787e+00
1.337367539408437001e+00
1.308509976499610428e+00
1.284172303540011217e+00
1.256839566901931882e+00
1.237019779958895338e+00
1.292565820810868793e+00
1.267744723650993777e+00
1.252847596947793685e+00
1.323248175445242314e+00
1.301073156191524971e+00
1.282752507314499857e+00
1.261048030741766190e+00
1.244518086165189663e+00
