-2.263172864913940430e+00
-3.116902490456899155e+00
1.031693749957614537e-01
1.947743395964304514e-01
8.828792254130045647e-01
2.477824423048231306e-01
-7.260509899684361446e-02
-3.991069595019022809e-01
-6.055341385028980561e-01
-6.847287456194559585e-01
2.339405327132254020e-01
3.177793125311533795e-01
1.057751087042001631e-01
-2.742046316464741840e-01
-9.886580838097466795e-02
-2.419593806068102426e-01
-5.676722491488737088e-01
-7.671142871733065416e-01
-9.416039209616812178e-01
-1.012410498658816049e+00
-8.451878712290809004e-01
-8.697799182299411624e-01
-1.026799669300300533e+00
-1.094181647731198304e+00
-1.136673665841420489e+00
-1.072641242008942841e+00
-1.031330792256343498e+00
-1.051686702030045550e+00
-1.097540436804979702e+00
-9.629249076048532752e-01
-1.009617654867069669e+00
-1.192920889705419540e+00
-1.239313483238220215e+00
-1.250136733055114746e+00
-1.272196295715513736e+00
-1.299152741277659340e+00
-1.314047346780965908e+00
-1.368433713390116102e+00
-1.387697889764084813e+00
-1.404845793545246080e+00
-1.438802121615991414e+00
-1.472700311551018437e+00
-1.421234225579934618e+00
-1.501723695433501149e+00
-1.472129228821507096e+00
-1.390199614175851694e+00
-1.415650259941182210e+00
-1.427495680335495232e+00
-1.436281627943726713e+00
-1.450578786134719911e+00
