-2.713402857383092129e-02
-5.238217748701572418e-01
-4.496934264898300171e-02
-2.307669886698325568e-01
-2.851467882593473058e-01
-3.043351136147975922e-01
-4.570567405649593740e-01
-5.469529203449686738e-01
-4.911465575849568443e-01
-5.149582164982954291e-01
-5.851937602415229200e-01
-6.904388465401198882e-01
-6.256933195086625821e-01
-6.882703231558913171e-01
-5.393455406030018828e-01
-5.930119821180900308e-01
-5.991940171110863300e-01
-5.968747163812319068e-01
-6.902817364847451120e-01
-6.322066122045119085e-01
-6.014348300439971151e-01
-6.051233757400151791e-01
-6.205256800504698189e-01
-6.707151055129038086e-01
-6.749281985561053077e-01
-6.255616321204564567e-01
-6.255031453422558174e-01
-6.268015366402410748e-01
-6.388296180929260437e-01
-6.399304089446862243e-01
-6.409682154815684596e-01
-6.325616247486323118e-01
-6.342908241080514875e-01
-6.410446122434794169e-01
-6.069396932210241458e-01
-5.732073745241871299e-01
-5.717668251411335278e-01
-5.819435441180279556e-01
-6.048753467889932400e-01
-6.089097837607065911e-01
-5.603101881054358691e-01
-5.762717431736370521e-01
-5.563392326120257803e-01
-5.551087496181329461e-01
-5.308708666651337227e-01
-5.535235840125359852e-01
-5.632301348109617356e-01
-5.462883502865830687e-01
-5.729554979776849688e-01
-5.622085447112719070e-01
