-7.722542335589727136e-01
-7.331999838352203369e-01
-4.247227940294477921e-01
-4.843022649486859454e-01
-6.779884358247121323e-01
-6.666453265481524504e-01
-7.394167128063383609e-01
-7.161662553747495386e-01
-7.249376588949451028e-01
-7.620293152829010763e-01
-7.229963335575479988e-01
-6.308169722970988769e-01
-6.856761974019881523e-01
-6.735788940318993001e-01
-6.310136646032333818e-01
-6.090681338682770729e-01
-6.468012061189202244e-01
-6.933600436206217577e-01
-6.894168610635557082e-01
-6.963556150595346939e-01
-7.105711670148939785e-01
-6.989615557884628627e-01
-7.027397650847400090e-01
-7.010779069840080702e-01
-7.084103979170321974e-01
-7.056586333096791508e-01
-6.801072544429773714e-01
-7.004737699226963876e-01
-7.159361737812387494e-01
-7.143663905560970750e-01
-6.869956960761418596e-01
-6.786509250135471794e-01
-6.914229261303188601e-01
-6.911592418510540403e-01
-7.121518706991558645e-01
-7.065122504201200027e-01
-7.250383132481360571e-01
-7.163898720030199563e-01
-7.210297564156035177e-01
-7.377767061193784004e-01
-7.278208148673297462e-01
-7.310430085848248494e-01
-7.180623361306597285e-01
-7.062815895134751942e-01
-7.062470686656457941e-01
-7.012209575893222357e-01
-7.102933875846524359e-01
-7.080930758060680619e-01
-6.865242696335526196e-01
-6.756728357076644542e-01
